<?xml version="1.0" encoding="UTF-8" standalone="no"?>
<!-- Created with Inkscape (http://www.inkscape.org/) -->

<svg
   width="210mm"
   height="297mm"
   viewBox="0 0 210 297"
   version="1.1"
   id="svg1"
   inkscape:version="1.4 (1:1.4+202410161351+e7c3feb100)"
   sodipodi:docname="distributions"
   xmlns:inkscape="http://www.inkscape.org/namespaces/inkscape"
   xmlns:sodipodi="http://sodipodi.sourceforge.net/DTD/sodipodi-0.dtd"
   xmlns="http://www.w3.org/2000/svg"
   xmlns:svg="http://www.w3.org/2000/svg">
  <sodipodi:namedview
     id="namedview1"
     pagecolor="#ffffff"
     bordercolor="#000000"
     borderopacity="0.25"
     inkscape:showpageshadow="2"
     inkscape:pageopacity="0.0"
     inkscape:pagecheckerboard="0"
     inkscape:deskcolor="#d1d1d1"
     inkscape:document-units="mm"
     inkscape:zoom="0.36703143"
     inkscape:cx="1384.0777"
     inkscape:cy="-27.245623"
     inkscape:window-width="1920"
     inkscape:window-height="1026"
     inkscape:window-x="0"
     inkscape:window-y="0"
     inkscape:window-maximized="1"
     inkscape:current-layer="layer8" />
  <defs
     id="defs1" />
  <g
     inkscape:groupmode="layer"
     id="layer7"
     inkscape:label="Template"
     sodipodi:insensitive="true"
     style="display:none">
    <path
       style="fill:none;fill-rule:evenodd;stroke:#000000;stroke-width:0.264999;stroke-linecap:round;stroke-linejoin:round"
       d="m 35.2255,178.765 c 0.8079,-0.003 1.6158,-0.005 2.4237,-0.009 0.8079,-0.003 1.6159,-0.008 2.4238,-0.013 0.8079,-0.006 1.6158,-0.013 2.4237,-0.022 0.8079,-0.009 1.6159,-0.02 2.4238,-0.034 0.8079,-0.014 1.6158,-0.031 2.4237,-0.053 0.8079,-0.022 1.6159,-0.048 2.4238,-0.08 0.8079,-0.033 1.6158,-0.071 2.4237,-0.119 0.8079,-0.049 1.6159,-0.106 2.4238,-0.176 0.8079,-0.07 1.6158,-0.152 2.4237,-0.252 0.8079,-0.1 1.6159,-0.217 2.4238,-0.358 0.8079,-0.14 1.6158,-0.304 2.4237,-0.497 0.8079,-0.194 1.6159,-0.418 2.4238,-0.681 0.8079,-0.262 1.6158,-0.564 2.4237,-0.913 0.8079,-0.35 1.6159,-0.748 2.4238,-1.205 0.8079,-0.457 1.6158,-0.974 2.4237,-1.56 0.8079,-0.587 1.6159,-1.244 2.4238,-1.983 0.8079,-0.739 1.6158,-1.559 2.4237,-2.472 0.8079,-0.912 1.6159,-1.918 2.4238,-3.023 0.8079,-1.106 1.6158,-2.313 2.4237,-3.625 0.808,-1.313 1.6159,-2.733 2.4238,-4.26 0.8079,-1.527 1.6158,-3.162 2.4237,-4.9 0.808,-1.739 1.6159,-3.581 2.4238,-5.517 0.8079,-1.935 1.6158,-3.964 2.4237,-6.069 0.808,-2.105 1.6159,-4.286 2.4238,-6.519 0.8079,-2.233 1.6158,-4.517 2.4237,-6.822 0.808,-2.305 1.6159,-4.631 2.4238,-6.94 0.8079,-2.31 1.6158,-4.603 2.424,-6.841 0.808,-2.237 1.616,-4.418 2.423,-6.5 0.808,-2.083 1.616,-4.067 2.424,-5.912 0.808,-1.8448 1.616,-3.5499 2.424,-5.0792 0.808,-1.5293 1.616,-2.8815 2.424,-4.0272 0.808,-1.1458 1.616,-2.0838 2.423,-2.7936 0.808,-0.7097 1.616,-1.1899 2.424,-1.4304 0.808,-0.2405 1.616,-0.2401 2.424,0 0.808,0.2401 1.616,0.7211 2.424,1.4304 0.808,0.7093 1.616,1.6482 2.423,2.7936 0.808,1.1453 1.616,2.4983 2.424,4.0272 0.808,1.5289 1.616,3.2347 2.424,5.0792 0.808,1.845 1.616,3.829 2.424,5.912 0.808,2.082 1.616,4.263 2.423,6.5 0.808,2.238 1.616,4.531 2.424,6.841 0.808,2.309 1.616,4.635 2.424,6.94 0.808,2.305 1.616,4.589 2.424,6.822 0.808,2.233 1.616,4.414 2.423,6.519 0.808,2.105 1.616,4.134 2.424,6.069 0.808,1.936 1.616,3.778 2.424,5.517 0.808,1.738 1.616,3.373 2.424,4.9 0.808,1.527 1.616,2.947 2.423,4.26 0.808,1.313 1.616,2.519 2.424,3.625 0.808,1.106 1.616,2.11 2.424,3.023 0.808,0.913 1.616,1.733 2.424,2.472 0.808,0.739 1.616,1.396 2.423,1.983 0.808,0.586 1.616,1.102 2.424,1.56 0.808,0.457 1.616,0.855 2.424,1.205 0.808,0.349 1.616,0.651 2.424,0.913 0.808,0.263 1.616,0.487 2.423,0.681 0.808,0.193 1.616,0.357 2.424,0.497 0.808,0.141 1.616,0.258 2.424,0.358 0.808,0.1 1.616,0.182 2.424,0.252 1.5075,0.1306 3.01669,0.22025 4.847,0.295 0.808,0.032 1.616,0.058 2.424,0.08 0.808,0.022 1.616,0.039 2.424,0.053 0.808,0.014 1.616,0.025 2.423,0.034 0.808,0.009 1.616,0.016 2.424,0.022"
       title="t (1/(1*sqrt(0.5*pi))) * exp(-pow(t+0,2)/(2*pow(1,2)))"
       id="path1"
       sodipodi:nodetypes="cccsssccssccccscscccscccscccccsccssscsccccsscccscsssccccccsscsssc" />
  </g>
  <g
     inkscape:groupmode="layer"
     id="g2"
     inkscape:label="tall left"
     transform="matrix(1.0000434,0,0,0.71325339,-0.00494775,51.273777)">
    <path
       style="fill:none;fill-rule:evenodd;stroke:#000000;stroke-width:0.276849;stroke-linecap:round;stroke-linejoin:round"
       d="m 49.4451,178.736 c 1.1034,0 2.2069,-10e-4 3.3103,-0.005 1.1035,-0.004 2.2069,-0.01 3.3104,-0.031 1.1034,-0.021 2.2069,-0.054 3.3104,-0.147 1.1034,-0.093 2.2069,-0.241 3.3103,-0.583 1.1035,-0.341 2.2069,-0.872 3.3104,-1.905 1.1035,-1.033 2.2069,-2.576 3.3104,-5.134 1.1034,-2.559 2.2069,-6.166 3.3103,-11.305 1.1035,-5.14 2.2069,-11.863 3.3104,-20.1 1.1035,-8.238 2.2069,-18.017 3.3104,-28.214 1.1034,-10.198 2.2069,-20.7662 3.3103,-29.743 1.1035,-8.9767 2.207,-16.2561 3.3104,-20.1895 1.1035,-3.9335 2.2069,-4.4472 3.3104,-1.4345 1.1034,3.0127 2.2069,9.5271 3.3103,18.0173 1.1035,8.4902 2.207,18.8704 3.3104,29.1267 1.1035,10.256 2.2069,20.33 3.3104,28.956 1.1034,8.626 2.2064,15.809 3.3104,21.373 1.103,5.564 2.207,9.542 3.31,12.396 1.104,2.855 2.207,4.608 3.311,5.793 1.103,1.186 2.207,1.807 3.31,2.21 1.104,0.403 2.207,0.581 3.31,0.693 1.104,0.113 2.207,0.154 3.311,0.18 1.103,0.026 2.207,0.034 3.31,0.039 1.104,0.005 2.207,0.006 3.311,0.007 1.103,0.001 2.206,0.001 3.31,0.001 h 3.31 3.311 3.31 3.31 3.311"
       title="t (1/(0.3*sqrt(2*pi))) * exp(-pow(t+1,2)/(2*pow(0.3,2)))"
       id="path4"
       sodipodi:nodetypes="cssscscccccccccccccccssssccccc"
       sodipodi:insensitive="true" />
  </g>
  <g
     inkscape:groupmode="layer"
     id="g3"
     inkscape:label="Standard Distribution"
     style="display:inline">
    <path
       style="fill:none;fill-rule:evenodd;stroke:#000000;stroke-width:0.26951;stroke-linecap:round;stroke-linejoin:round"
       d="m 32.8894,178.732 c 1.1035,-0.001 2.207,-0.003 3.3105,-0.005 l 3.3106,-0.009 c 1.1035,-0.004 2.207,-0.009 3.3105,-0.014 1.1035,-0.006 2.207,-0.013 3.3105,-0.022 1.1035,-0.009 2.207,-0.019 3.3105,-0.033 1.1035,-0.013 2.207,-0.029 3.3106,-0.049 1.1035,-0.019 2.207,-0.043 3.3105,-0.071 1.1035,-0.029 2.207,-0.063 3.3105,-0.103 1.1035,-0.041 2.207,-0.089 3.3105,-0.146 1.1035,-0.058 2.207,-0.124 3.3106,-0.203 1.1035,-0.079 2.207,-0.17 3.3105,-0.277 1.1035,-0.107 2.207,-0.23 3.3105,-0.372 1.1035,-0.142 2.207,-0.303 3.3105,-0.489 1.1035,-0.185 2.207,-0.395 3.3105,-0.633 1.1036,-0.237 2.2071,-0.504 3.3106,-0.803 1.1035,-0.299 2.207,-0.631 3.3105,-0.999 1.1035,-0.369 2.207,-0.775 3.3105,-1.222 1.1035,-0.446 2.207,-0.933 3.3105,-1.462 1.1036,-0.529 2.2071,-1.101 3.3106,-1.716 1.1035,-0.614 2.207,-1.272 3.3105,-1.971 1.1031,-0.699 2.2071,-1.439 3.3101,-2.215 1.104,-0.777 2.207,-1.591 3.311,-2.434 1.103,-0.843 2.207,-1.716 3.31,-2.609 1.104,-0.893 2.207,-1.806 3.311,-2.726 1.103,-0.92 2.207,-1.847 3.311,-2.767 1.103,-0.92 2.207,-1.832 3.31,-2.721 1.104,-0.888 2.207,-1.754 3.311,-2.578 1.103,-0.825 2.207,-1.609 3.31,-2.337 1.104,-0.728 2.207,-1.399 3.311,-1.999 1.103,-0.6 2.207,-1.129 3.31,-1.574 1.104,-0.445 2.207,-0.807 3.311,-1.078 1.103,-0.27 2.207,-0.449 3.31,-0.531 1.104,-0.083 2.207,-0.07 3.311,0.039 1.103,0.109 2.207,0.314 3.31,0.609 1.104,0.295 2.207,0.682 3.311,1.149 1.103,0.468 2.207,1.018 3.31,1.637 1.104,0.619 2.207,1.308 3.311,2.051 1.103,0.743 2.207,1.541 3.31,2.376 1.104,0.836 2.207,1.709 3.311,2.604 1.103,0.895 2.207,1.812 3.31,2.733 1.104,0.922 2.207,1.849 3.311,2.767 1.103,0.917 2.207,1.826 3.31,2.713 1.104,0.887 2.207,1.753 3.311,2.588 1.103,0.835 2.207,1.64 3.31,2.406 1.104,0.767 2.207,1.496 3.311,2.183 1.103,0.688 2.207,1.334 3.311,1.936 1.103,0.603 2.207,1.163 3.31,1.681 1.104,0.518 2.207,0.993 3.311,1.428 1.103,0.436 2.207,0.831 3.31,1.19 1.104,0.359 2.207,0.681 3.311,0.971 1.103,0.29 2.207,0.548 3.31,0.778 1.104,0.23 2.207,0.432 3.311,0.611 1.103,0.179 2.207,0.335 3.31,0.472 1.104,0.137 2.207,0.254 3.311,0.357 1.103,0.103 2.207,0.19 3.31,0.266"
       title="t (1/(1*sqrt(2*pi))) * exp(-pow(t-1,2)/(2*pow(1,2)))"
       id="path5"
       sodipodi:nodetypes="ccccscccccsssccscccccccccccccccccccccccccccccccccccccccc" />
  </g>
  <g
     inkscape:groupmode="layer"
     id="layer8"
     inkscape:label="axis"
     sodipodi:insensitive="true">
    <path
       style="fill:none;fill-rule:evenodd;stroke:#000000;stroke-width:1;stroke-linecap:round;stroke-linejoin:round;stroke-dasharray:none"
       d="M 60.148699,40.949133 V 197.47061"
       id="path6" />
  </g>
</svg>
